0.0322222
0.120754
0.182771
0.187112
0.182747
0.179495
0.175213
0.182105
0.172881
0.129758
0.0864952
0.0635594
0.0589009
0.073769
0.0912965
0.0923075
0.0856315
0.0855518
0.095451
0.112776
0.126568
0.125461
0.111344
0.095288
0.0860756
0.0852991
0.0882167
0.0884963
0.0840194
0.0784403
0.0768525
0.0806431
0.0871042
0.0923646
0.0941462
0.0933204
0.0926947
0.0937297
0.0953058
0.0952976
0.0924616
0.0874886
0.0826762
0.080145
0.0803341
0.0821901
0.0843313
0.0859569
0.0871161
0.0883204
0.089766
0.090997
0.0913697
0.0906058
0.0889643
0.0871307
0.0857762
0.0851015
0.0849048
0.0849171
0.0849942
0.0852103
0.0857548
0.0866447
0.087641
0.0884079
0.0886855
0.0884424
0.0878962
0.0873206
0.0868679
0.0865502
0.0863017
0.0860802
0.0859344
0.0859474
0.0861429
0.0864564
0.0867709
0.0869901
0.0871006
0.0871555
0.0872068
0.0872573
0.0872615
0.0871686
0.0869728
0.0867264
0.0865072
0.0863758
0.0863507
0.0864104
0.0865175
0.0866413
0.0867647
0.086879
0.0869762
0.0870431
0.0870653
0.0870347
0.0870102
0.273629
0.398885
0.468762
0.578006
0.628921
0.616251
0.589524
0.560433
0.525476
0.497304
0.475669
0.448652
0.422206
0.407738
0.402524
0.397931
0.389873
0.373529
0.346214
0.316375
0.292758
0.275466
0.264842
0.262807
0.265831
0.269796
0.27495
0.281751
0.289939
0.299027
0.306633
0.31205
0.317591
0.323074
0.326068
0.325805
0.322168
0.315392
0.307604
0.301149
0.296505
0.29302
0.289886
0.286483
0.283044
0.280558
0.279724
0.280341
0.281717
0.283271
0.284706
0.286041
0.287507
0.289158
0.2907
0.291771
0.292154
0.291907
0.291381
0.290946
0.290726
0.29066
0.290592
0.290284
0.289593
0.288621
0.287586
0.286666
0.28594
0.285366
0.284859
0.284449
0.284315
0.284646
0.285495
0.286684
0.287868
0.288735
0.289175
0.289273
0.289196
0.289056
0.288856
0.288555
0.288153
0.287718
0.287334
0.287039
0.286813
0.28663
0.28651
0.286507
0.286652
0.286894
0.287119
0.287221
0.287188
0.287101
0.287072
0.0322222
0.0322222
0.120754
0.0322222
0.120754
0.182771
0.187112
0.182747
0.179495
0.175213
0.182105
0.172881
0.129758
0.0864952
0.0635594
0.0589009
0.073769
0.0912965
0.0923075
0.0856315
0.0855518
0.095451
0.112776
0.126568
0.125461
0.111344
0.095288
0.0860756
0.0852991
0.0882167
0.0884963
0.0840194
0.0784403
0.0768525
0.0806431
0.0871042
0.0923646
0.0941462
0.0933204
0.0926947
0.0937297
0.0953058
0.0952976
0.0924616
0.0874886
0.0826762
0.080145
0.0803341
0.0821901
0.0843313
0.0859569
0.0871161
0.0883204
0.089766
0.090997
0.0913697
0.0906058
0.0889643
0.0871307
0.0857762
0.0851015
0.0849048
0.0849171
0.0849942
0.0852103
0.0857548
0.0866447
0.087641
0.0884079
0.0886855
0.0884424
0.0878962
0.0873206
0.0868679
0.0865502
0.0863017
0.0860802
0.0859344
0.0859474
0.0861429
0.0864564
0.0867709
0.0869901
0.0871006
0.0871555
0.0872068
0.0872573
0.0872615
0.0871686
0.0869728
0.0867264
0.0865072
0.0863758
0.0863507
0.0864104
0.0865175
0.0866413
0.0867647
0.086879
0.0869762
0.0870431
0.0870653
0.0870347
0.0870102
0.273629
0.398885
0.468762
0.578006
0.628921
0.616251
0.589524
0.560433
0.525476
0.497304
0.475669
0.448652
0.422206
0.407738
0.402524
0.397931
0.389873
0.373529
0.346214
0.316375
0.292758
0.275466
0.264842
0.262807
0.265831
0.269796
0.27495
0.281751
0.289939
0.299027
0.306633
0.31205
0.317591
0.323074
0.326068
0.325805
0.322168
0.315392
0.307604
0.301149
0.296505
0.29302
0.289886
0.286483
0.283044
0.280558
0.279724
0.280341
0.281717
0.283271
0.284706
0.286041
0.287507
0.289158
0.2907
0.291771
0.292154
0.291907
0.291381
0.290946
0.290726
0.29066
0.290592
0.290284
0.289593
0.288621
0.287586
0.286666
0.28594
0.285366
0.284859
0.284449
0.284315
0.284646
0.285495
0.286684
0.287868
0.288735
0.289175
0.289273
0.289196
0.289056
0.288856
0.288555
0.288153
0.287718
0.287334
0.287039
0.286813
0.28663
0.28651
0.286507
0.286652
0.286894
0.287119
0.287221
0.287188
0.287101
0.287072
0.000895062
0.00213816
0.00244826
0.00236348
0.00238986
0.00254268
0.00269917
0.00274596
0.00269604
0.00263182
0.00259962
0.00259428
0.00259273
0.00258363
0.00257144
0.00256387
0.00256279
0.00256501
0.00256705
0.00256785
0.0025681
0.00256857
0.00256931
0.00257001
0.00257044
0.00257064
0.00257075
0.00257087
0.00257098
0.00257106
0.00257111
0.00257113
0.00257115
0.00257118
0.00257121
0.00257124
0.00257126
0.00257129
0.0025713
0.00257132
0.00257134
0.00257135
0.00257136
0.00257137
0.00257138
0.00257138
0.00257139
0.0025714
0.0025714
0.0025714
0.00257141
0.00257141
0.00257141
0.00257142
0.00257142
0.00257142
0.00257142
0.00257142
0.00257142
0.00257142
0.00257142
0.00257143
0.00257143
0.00257143
0.00257143
0.00257143
0.00257143
0.00257143
0.00257143
0.00257143
0.00257143
0.00257143
0.00257143
0.00257143
0.00257143
0.00257143
0.00257143
0.00257143
0.00257143
0.00257143
0.00257143
0.00257143
0.00257143
0.00257143
0.00257143
0.00257143
0.00257143
0.00257143
0.00257143
0.00257143
0.00257143
0.00257143
0.00257143
0.00257143
0.00257143
0.00257143
0.00257143
0.00257143
0.00257143
0.00257143
0.00257143
0.00423713
0.00380646
0.00289005
0.00260053
0.00272151
0.00296384
0.00304043
0.00293858
0.00281618
0.00275643
0.00274631
0.00274181
0.00272189
0.00269638
0.00268057
0.00267775
0.00268144
0.00268487
0.00268612
0.00268658
0.00268765
0.00268933
0.00269089
0.00269189
0.00269242
0.00269276
0.00269308
0.00269337
0.00269359
0.00269372
0.00269379
0.00269386
0.00269394
0.00269401
0.00269408
0.00269414
0.00269419
0.00269424
0.00269428
0.00269432
0.00269435
0.00269438
0.00269441
0.00269443
0.00269445
0.00269446
0.00269448
0.00269449
0.0026945
0.00269451
0.00269452
0.00269452
0.00269453
0.00269454
0.00269454
0.00269454
0.00269455
0.00269455
0.00269455
0.00269456
0.00269456
0.00269456
0.00269456
0.00269457
0.00269457
0.00269457
0.00269457
0.00269457
0.00269457
0.00269457
0.00269457
0.00269457
0.00269458
0.00269458
0.00269458
0.00269458
0.00269458
0.00269458
0.00269458
0.00269458
0.00269458
0.00269458
0.00269458
0.00269458
0.00269458
0.00269458
0.00269458
0.00269458
0.00269458
0.00269458
0.00269458
0.00269458
0.00269458
0.00269458
0.00269458
0.00269458
0.00269458
0.00269458
0.00269458
